[
    {
        "extrinsic": {
            "rotation_matrix": [
                [
                    -0.5082010747068146,
                    0.6593490149345183,
                    -0.5540672932956792
                ],
                [
                    -0.8609129611660737,
                    -0.40660871202602245,
                    0.3057749002165675
                ],
                [
                    -0.023676196725448406,
                    0.6323988399823879,
                    0.7742810566496523
                ]
            ],
            "translation_vector": [
                0.4690808486938476,
                0.521877479553222,
                1.315263876914978
            ]
        }
    },
    {
        "extrinsic": {
            "rotation_matrix": [
                [
                    -0.5082010747068146,
                    0.6593490149345183,
                    -0.5540672932956792
                ],
                [
                    -0.8609129611660737,
                    -0.40660871202602245,
                    0.3057749002165675
                ],
                [
                    -0.023676196725448406,
                    0.6323988399823879,
                    0.7742810566496523
                ]
            ],
            "translation_vector": [
                0.4690808486938476,
                0.521877479553222,
                1.315263876914978
            ]
        }
    },
    {
        "extrinsic": {
            "rotation_matrix": [
                [
                    -0.5082010747068146,
                    0.6593490149345183,
                    -0.5540672932956792
                ],
                [
                    -0.8609129611660737,
                    -0.40660871202602245,
                    0.3057749002165675
                ],
                [
                    -0.023676196725448406,
                    0.6323988399823879,
                    0.7742810566496523
                ]
            ],
            "translation_vector": [
                0.4690808486938476,
                0.521877479553222,
                1.315263876914978
            ]
        }
    },
    {
        "extrinsic": {
            "rotation_matrix": [
                [
                    -0.5082010747068146,
                    0.6593490149345183,
                    -0.5540672932956792
                ],
                [
                    -0.8609129611660737,
                    -0.40660871202602245,
                    0.3057749002165675
                ],
                [
                    -0.023676196725448406,
                    0.6323988399823879,
                    0.7742810566496523
                ]
            ],
            "translation_vector": [
                0.4690808486938476,
                0.521877479553222,
                1.315263876914978
            ]
        }
    },
    {
        "extrinsic": {
            "rotation_matrix": [
                [
                    -0.5082010747068146,
                    0.6593490149345183,
                    -0.5540672932956792
                ],
                [
                    -0.8609129611660737,
                    -0.40660871202602245,
                    0.3057749002165675
                ],
                [
                    -0.023676196725448406,
                    0.6323988399823879,
                    0.7742810566496523
                ]
            ],
            "translation_vector": [
                0.4690808486938476,
                0.521877479553222,
                1.315263876914978
            ]
        }
    },
    {
        "extrinsic": {
            "rotation_matrix": [
                [
                    -0.5082010747068146,
                    0.6593490149345183,
                    -0.5540672932956792
                ],
                [
                    -0.8609129611660737,
                    -0.40660871202602245,
                    0.3057749002165675
                ],
                [
                    -0.023676196725448406,
                    0.6323988399823879,
                    0.7742810566496523
                ]
            ],
            "translation_vector": [
                0.4690808486938476,
                0.521877479553222,
                1.315263876914978
            ]
        }
    },
    {
        "extrinsic": {
            "rotation_matrix": [
                [
                    -0.5082010747068146,
                    0.6593490149345183,
                    -0.5540672932956792
                ],
                [
                    -0.8609129611660737,
                    -0.40660871202602245,
                    0.3057749002165675
                ],
                [
                    -0.023676196725448406,
                    0.6323988399823879,
                    0.7742810566496523
                ]
            ],
            "translation_vector": [
                0.4690808486938476,
                0.521877479553222,
                1.315263876914978
            ]
        }
    },
    {
        "extrinsic": {
            "rotation_matrix": [
                [
                    -0.5082010747068146,
                    0.6593490149345183,
                    -0.5540672932956792
                ],
                [
                    -0.8609129611660737,
                    -0.40660871202602245,
                    0.3057749002165675
                ],
                [
                    -0.023676196725448406,
                    0.6323988399823879,
                    0.7742810566496523
                ]
            ],
            "translation_vector": [
                0.4690808486938476,
                0.521877479553222,
                1.315263876914978
            ]
        }
    },
    {
        "extrinsic": {
            "rotation_matrix": [
                [
                    -0.5082010747068146,
                    0.6593490149345183,
                    -0.5540672932956792
                ],
                [
                    -0.8609129611660737,
                    -0.40660871202602245,
                    0.3057749002165675
                ],
                [
                    -0.023676196725448406,
                    0.6323988399823879,
                    0.7742810566496523
                ]
            ],
            "translation_vector": [
                0.4690808486938476,
                0.521877479553222,
                1.315263876914978
            ]
        }
    },
    {
        "extrinsic": {
            "rotation_matrix": [
                [
                    -0.5082010747068146,
                    0.6593490149345183,
                    -0.5540672932956792
                ],
                [
                    -0.8609129611660737,
                    -0.40660871202602245,
                    0.3057749002165675
                ],
                [
                    -0.023676196725448406,
                    0.6323988399823879,
                    0.7742810566496523
                ]
            ],
            "translation_vector": [
                0.4690808486938476,
                0.521877479553222,
                1.315263876914978
            ]
        }
    },
    {
        "extrinsic": {
            "rotation_matrix": [
                [
                    -0.5082010747068146,
                    0.6593490149345183,
                    -0.5540672932956792
                ],
                [
                    -0.8609129611660737,
                    -0.40660871202602245,
                    0.3057749002165675
                ],
                [
                    -0.023676196725448406,
                    0.6323988399823879,
                    0.7742810566496523
                ]
            ],
            "translation_vector": [
                0.4690808486938476,
                0.521877479553222,
                1.315263876914978
            ]
        }
    },
    {
        "extrinsic": {
            "rotation_matrix": [
                [
                    -0.5082010177607734,
                    0.6593483300200846,
                    -0.5540681293694103
                ],
                [
                    -0.8609129491101966,
                    -0.40660890503576086,
                    0.3057745157203877
                ],
                [
                    -0.023677126886008537,
                    0.6323993517623014,
                    0.7742805999542006
                ]
            ],
            "translation_vector": [
                0.4690803718566894,
                0.521877479553222,
                1.3152630424499512
            ]
        }
    },
    {
        "extrinsic": {
            "rotation_matrix": [
                [
                    -0.5082012295181606,
                    0.659351241386215,
                    -0.5540644401087071
                ],
                [
                    -0.8609129105942905,
                    -0.40660784302184005,
                    0.3057758785823399
                ],
                [
                    -0.02367326936832015,
                    0.632396922852406,
                    0.7742826917285139
                ]
            ],
            "translation_vector": [
                0.4690808486938476,
                0.5218784332275384,
                1.315267572402954
            ]
        }
    },
    {
        "extrinsic": {
            "rotation_matrix": [
                [
                    -0.508201693725729,
                    0.659352194036936,
                    -0.5540629157175161
                ],
                [
                    -0.860912693236008,
                    -0.40660799497895006,
                    0.3057764702589765
                ],
                [
                    -0.023672029482909807,
                    0.6323959197825317,
                    0.7742835604136324
                ]
            ],
            "translation_vector": [
                0.469081802368164,
                0.5218784332275384,
                1.3152784204483032
            ]
        }
    },
    {
        "extrinsic": {
            "rotation_matrix": [
                [
                    -0.5082020075034546,
                    0.6593493924329064,
                    -0.5540660082910875
                ],
                [
                    -0.8609124520516875,
                    -0.4066091434596917,
                    0.30577586257258815
                ],
                [
                    -0.02367515042429602,
                    0.6323982186312804,
                    0.7742816026398138
                ]
            ],
            "translation_vector": [
                0.4690813255310058,
                0.5218784332275384,
                1.3152974939346314
            ]
        }
    },
    {
        "extrinsic": {
            "rotation_matrix": [
                [
                    -0.5082022300560403,
                    0.6593457983158997,
                    -0.5540700288889742
                ],
                [
                    -0.8609121831212123,
                    -0.4066100729977937,
                    0.3057751125533228
                ],
                [
                    -0.02367892783315817,
                    0.6324012371482981,
                    0.7742790045486436
                ]
            ],
            "translation_vector": [
                0.4690813255310058,
                0.5218765258789055,
                1.3153102493286133
            ]
        }
    },
    {
        "extrinsic": {
            "rotation_matrix": [
                [
                    -0.5082021962314212,
                    0.6593432776252612,
                    -0.5540730301963617
                ],
                [
                    -0.8609121114168303,
                    -0.4066105405571818,
                    0.30577454065180376
                ],
                [
                    -0.023681574196318778,
                    0.6324034910920275,
                    0.7742770730380055
                ]
            ],
            "translation_vector": [
                0.4690808486938476,
                0.5218765258789055,
                1.315313229560852
            ]
        }
    },
    {
        "extrinsic": {
            "rotation_matrix": [
                [
                    -0.5082025532322056,
                    0.6593437962544346,
                    -0.5540720966129253
                ],
                [
                    -0.8609119243347774,
                    -0.40661077001052526,
                    0.305774819418426
                ],
                [
                    -0.023680972160002867,
                    0.6324028304751419,
                    0.7742776346426545
                ]
            ],
            "translation_vector": [
                0.4690798950195312,
                0.5218755722045891,
                1.315310845375061
            ]
        }
    },
    {
        "extrinsic": {
            "rotation_matrix": [
                [
                    -0.5082020703314853,
                    0.6593453216649365,
                    -0.5540707418705253
                ],
                [
                    -0.8609122560292164,
                    -0.4066102030113896,
                    0.3057747305748322
                ],
                [
                    -0.023679687858539467,
                    0.6324016486679866,
                    0.7742786449497245
                ]
            ],
            "translation_vector": [
                0.4690803718566894,
                0.5218765258789055,
                1.3153041696548462
            ]
        }
    },
    {
        "extrinsic": {
            "rotation_matrix": [
                [
                    -0.508202280330508,
                    0.6593456446834836,
                    -0.5540701846426259
                ],
                [
                    -0.860912154042353,
                    -0.40661038398185667,
                    0.30577487958085214
                ],
                [
                    -0.02367935166232371,
                    0.6324012450947976,
                    0.7742789913510677
                ]
            ],
            "translation_vector": [
                0.4690803718566894,
                0.5218765258789055,
                1.3152964210510254
            ]
        }
    },
    {
        "extrinsic": {
            "rotation_matrix": [
                [
                    -0.5082024384519421,
                    0.6593475023866002,
                    -0.554067792015351
                ],
                [
                    -0.8609120940227744,
                    -0.4066099834455503,
                    0.3057753898778248
                ],
                [
                    -0.023677276396066205,
                    0.6323994732652505,
                    0.7742804898499109
                ]
            ],
            "translation_vector": [
                0.4690798950195312,
                0.5218755722045891,
                1.3152880764007568
            ]
        }
    },
    {
        "extrinsic": {
            "rotation_matrix": [
                [
                    -0.5082024799162084,
                    0.6593480187568215,
                    -0.5540671321810873
                ],
                [
                    -0.8609120791381333,
                    -0.40660991643416766,
                    0.3057754829853172
                ],
                [
                    -0.023676756449665604,
                    0.6323989596467579,
                    0.7742809228486567
                ]
            ],
            "translation_vector": [
                0.4690808486938476,
                0.5218755722045891,
                1.3152783012390137
            ]
        }
    },
    {
        "extrinsic": {
            "rotation_matrix": [
                [
                    -0.5082022788120404,
                    0.6593489145589624,
                    -0.5540662682470323
                ],
                [
                    -0.8609122457288256,
                    -0.4066092589574102,
                    0.3057759795963184
                ],
                [
                    -0.02367542805155587,
                    0.6323984925771535,
                    0.7742813507401016
                ]
            ],
            "translation_vector": [
                0.4690813255310058,
                0.5218765258789055,
                1.3152679300308228
            ]
        }
    },
    {
        "extrinsic": {
            "rotation_matrix": [
                [
                    -0.5082024904927493,
                    0.6593502183750388,
                    -0.5540645748155271
                ],
                [
                    -0.8609121786901142,
                    -0.40660963789458293,
                    0.30577593547441495
                ],
                [
                    -0.023674545819574178,
                    0.6323970205978213,
                    0.7742825971360787
                ]
            ],
            "translation_vector": [
                0.4690813255310058,
                0.5218755722045891,
                1.3152587509155274
            ]
        }
    },
    {
        "extrinsic": {
            "rotation_matrix": [
                [
                    -0.5082022037026781,
                    0.659350461946433,
                    -0.5540644977285147
                ],
                [
                    -0.8609123133147545,
                    -0.4066094529094646,
                    0.30577554183343647
                ],
                [
                    -0.02367462977881374,
                    0.6323967595833482,
                    0.7742827912388957
                ]
            ],
            "translation_vector": [
                0.4690813255310058,
                0.5218765258789055,
                1.3152499294281006
            ]
        }
    },
    {
        "extrinsic": {
            "rotation_matrix": [
                [
                    -0.5082020882726681,
                    0.6593522674899361,
                    -0.5540625021383363
                ],
                [
                    -0.8609124753936896,
                    -0.4066087139202992,
                    0.3057763127049782
                ],
                [
                    -0.023672317829564804,
                    0.6323954704580217,
                    0.774283930315363
                ]
            ],
            "translation_vector": [
                0.4690813255310058,
                0.521877479553222,
                1.3152412271499634
            ]
        }
    },
    {
        "extrinsic": {
            "rotation_matrix": [
                [
                    -0.5082014030951711,
                    0.6593536223966936,
                    -0.5540614369119083
                ],
                [
                    -0.8609128543028106,
                    -0.4066079029645451,
                    0.3057759028959808
                ],
                [
                    -0.023671344210200118,
                    0.6323943754715273,
                    0.7742848277065875
                ]
            ],
            "translation_vector": [
                0.4690822792053222,
                0.521877479553222,
                1.3152337169647217
            ]
        }
    },
    {
        "extrinsic": {
            "rotation_matrix": [
                [
                    -0.5082007947136886,
                    0.6593544659736015,
                    -0.5540610270017954
                ],
                [
                    -0.860913255829173,
                    -0.4066072915027843,
                    0.3057757718218701
                ],
                [
                    -0.023670643827964355,
                    0.6323939791746236,
                    0.7742851846000423
                ]
            ],
            "translation_vector": [
                0.4690827560424804,
                0.521877479553222,
                1.315227518081665
            ]
        }
    },
    {
        "extrinsic": {
            "rotation_matrix": [
                [
                    -0.5082006101585477,
                    0.6593549415495978,
                    -0.5540606214295014
                ],
                [
                    -0.8609133667076243,
                    -0.4066071445082682,
                    0.3057756090009631
                ],
                [
                    -0.02367036520340271,
                    0.6323935555410829,
                    0.7742855361964831
                ]
            ],
            "translation_vector": [
                0.4690827560424804,
                0.521877479553222,
                1.315222749710083
            ]
        }
    },
    {
        "extrinsic": {
            "rotation_matrix": [
                [
                    -0.5082006919365472,
                    0.6593547057361473,
                    -0.5540608210221283
                ],
                [
                    -0.860913309293851,
                    -0.4066072285051132,
                    0.30577562772562494
                ],
                [
                    -0.02367055658040762,
                    0.632393732301237,
                    0.7742853839990107
                ]
            ],
            "translation_vector": [
                0.4690827560424804,
                0.521877479553222,
                1.3152189350128174
            ]
        }
    },
    {
        "extrinsic": {
            "rotation_matrix": [
                [
                    -0.5082007024361559,
                    0.659354811517936,
                    -0.5540607070691905
                ],
                [
                    -0.8609133140286147,
                    -0.4066074134903275,
                    0.3057754801556811
                ],
                [
                    -0.023670663660574576,
                    0.6323935571021551,
                    0.77428553089986
                ]
            ],
            "translation_vector": [
                0.4690827560424804,
                0.521877479553222,
                1.3152161931991577
            ]
        }
    },
    {
        "extrinsic": {
            "rotation_matrix": [
                [
                    -0.5082002421308558,
                    0.6593548756678826,
                    -0.554061072617543
                ],
                [
                    -0.8609136025257671,
                    -0.40660690053318094,
                    0.3057754520114715
                ],
                [
                    -0.023670514215300642,
                    0.6323938693565152,
                    0.7742852869010206
                ]
            ],
            "translation_vector": [
                0.4690827560424804,
                0.521877479553222,
                1.3152147626876831
            ]
        }
    },
    {
        "extrinsic": {
            "rotation_matrix": [
                [
                    -0.5082000188786071,
                    0.6593547328794918,
                    -0.5540614596380209
                ],
                [
                    -0.8609137325399425,
                    -0.40660687304234644,
                    0.3057751863783178
                ],
                [
                    -0.02367086713545774,
                    0.6323940667890273,
                    0.7742851189070747
                ]
            ],
            "translation_vector": [
                0.4690827560424804,
                0.521877479553222,
                1.3152146434783936
            ]
        }
    },
    {
        "extrinsic": {
            "rotation_matrix": [
                [
                    -0.5082002266520127,
                    0.6593547833809463,
                    -0.5540612145979189
                ],
                [
                    -0.8609136098445038,
                    -0.4066072220134136,
                    0.3057750969801374
                ],
                [
                    -0.023671000687787824,
                    0.6323938038764867,
                    0.7742853314071421
                ]
            ],
            "translation_vector": [
                0.4690827560424804,
                0.521877479553222,
                1.3152151203155518
            ]
        }
    },
    {
        "extrinsic": {
            "rotation_matrix": [
                [
                    -0.5082005134430627,
                    0.6593544845522743,
                    -0.5540612706863897
                ],
                [
                    -0.8609134199611717,
                    -0.40660721151378887,
                    0.3057754565200348
                ],
                [
                    -0.023670895728116648,
                    0.6323940307909943,
                    0.7742851373048847
                ]
            ],
            "translation_vector": [
                0.4690822792053222,
                0.521877479553222,
                1.3152165508270264
            ]
        }
    },
    {
        "extrinsic": {
            "rotation_matrix": [
                [
                    -0.5082004211655664,
                    0.6593546908414432,
                    -0.5540611507876747
                ],
                [
                    -0.8609135068992053,
                    -0.40660713801644066,
                    0.3057755217231639
                ],
                [
                    -0.023670673528428665,
                    0.6323939655878652,
                    0.7742852108022329
                ]
            ],
            "translation_vector": [
                0.4690822792053222,
                0.521877479553222,
                1.3152184581756592
            ]
        }
    },
    {
        "extrinsic": {
            "rotation_matrix": [
                [
                    -0.5082006145955744,
                    0.6593555075793027,
                    -0.5540599417911682
                ],
                [
                    -0.8609133871323671,
                    -0.4066068085214565,
                    0.3057759880698159
                ],
                [
                    -0.023669480963208755,
                    0.6323931764722301,
                    0.7742858721832948
                ]
            ],
            "translation_vector": [
                0.4690822792053222,
                0.521877479553222,
                1.315220365524292
            ]
        }
    },
    {
        "extrinsic": {
            "rotation_matrix": [
                [
                    -0.5082003327830225,
                    0.6593559874263297,
                    -0.5540596786404013
                ],
                [
                    -0.8609135914821957,
                    -0.40660670352576433,
                    0.305775808362613
                ],
                [
                    -0.023669255401935985,
                    0.6323928674673933,
                    0.7742861476804932
                ]
            ],
            "translation_vector": [
                0.4690822792053222,
                0.521877479553222,
                1.3152228689193726
            ]
        }
    },
    {
        "extrinsic": {
            "rotation_matrix": [
                [
                    -0.5082005985750779,
                    0.6593556820474085,
                    -0.5540597559710605
                ],
                [
                    -0.8609134081490772,
                    -0.40660671402532955,
                    0.3057760914018779
                ],
                [
                    -0.023669226942480748,
                    0.6323930731401681,
                    0.7742859666794217
                ]
            ],
            "translation_vector": [
                0.4690822792053222,
                0.521877479553222,
                1.3152259683609009
            ]
        }
    },
    {
        "extrinsic": {
            "rotation_matrix": [
                [
                    -0.5082008803874967,
                    0.6593553652147861,
                    -0.5540599229742931
                ],
                [
                    -0.8609132618180055,
                    -0.4066072099906908,
                    0.3057760949537318
                ],
                [
                    -0.023669632647884242,
                    0.6323932059895547,
                    0.7742858616837207
                ]
            ],
            "translation_vector": [
                0.4690822792053222,
                0.521877479553222,
                1.3152293062210083
            ]
        }
    },
    {
        "extrinsic": {
            "rotation_matrix": [
                [
                    -0.5082011412004839,
                    0.6593548473182818,
                    -0.5540602902544034
                ],
                [
                    -0.8609130955175548,
                    -0.40660733598564924,
                    0.3057763447744346
                ],
                [
                    -0.023669851822306853,
                    0.632393640365807,
                    0.7742854969865043
                ]
            ],
            "translation_vector": [
                0.4690822792053222,
                0.521877479553222,
                1.315232048034668
            ]
        }
    },
    {
        "extrinsic": {
            "rotation_matrix": [
                [
                    -0.5082013174748492,
                    0.6593548169859087,
                    -0.5540600975218268
                ],
                [
                    -0.8609129431391711,
                    -0.4066075209709159,
                    0.30577617983201577
                ],
                [
                    -0.023670037682009593,
                    0.6323933847967496,
                    0.7742856779877196
                ]
            ],
            "translation_vector": [
                0.469081802368164,
                0.521877479553222,
                1.3152353858947754
            ]
        }
    },
    {
        "extrinsic": {
            "rotation_matrix": [
                [
                    -0.5082009207089988,
                    0.6593545472753881,
                    -0.5540607890328371
                ],
                [
                    -0.8609131745273864,
                    -0.4066071655074741,
                    0.3057760353390746
                ],
                [
                    -0.023670295342475,
                    0.632393911142235,
                    0.7742852423946824
                ]
            ],
            "translation_vector": [
                0.469081802368164,
                0.521877479553222,
                1.3152383661270142
            ]
        }
    },
    {
        "extrinsic": {
            "rotation_matrix": [
                [
                    -0.5082012975582049,
                    0.6593537829018983,
                    -0.5540614087254845
                ],
                [
                    -0.8609129742508417,
                    -0.4066075919837968,
                    0.30577632085567785
                ],
                [
                    -0.02367079281480855,
                    0.6323945735080443,
                    0.7742847044999919
                ]
            ],
            "translation_vector": [
                0.469081802368164,
                0.521877479553222,
                1.3152409887313843
            ]
        }
    },
    {
        "extrinsic": {
            "rotation_matrix": [
                [
                    -0.5082017318843426,
                    0.659353391927235,
                    -0.5540614715150518
                ],
                [
                    -0.8609127065765474,
                    -0.4066080459512418,
                    0.3057764495369524
                ],
                [
                    -0.023671107249516155,
                    0.6323946789706811,
                    0.7742846074018632
                ]
            ],
            "translation_vector": [
                0.4690822792053222,
                0.521877479553222,
                1.3152433729171753
            ]
        }
    },
    {
        "extrinsic": {
            "rotation_matrix": [
                [
                    -0.5082016793861879,
                    0.6593532835439397,
                    -0.5540616003229193
                ],
                [
                    -0.8609127044434537,
                    -0.4066079029645451,
                    0.3057763952350463
                ],
                [
                    -0.023671180799189173,
                    0.6323947628142612,
                    0.7742845208033327
                ]
            ],
            "translation_vector": [
                0.4690822792053222,
                0.521877479553222,
                1.3152445650100708
            ]
        }
    },
    {
        "extrinsic": {
            "rotation_matrix": [
                [
                    -0.5082020579133348,
                    0.6593534237085317,
                    -0.5540611180694395
                ],
                [
                    -0.8609125048582547,
                    -0.40660833192474444,
                    0.30577655126800085
                ],
                [
                    -0.023671055979940903,
                    0.6323944204137986,
                    0.7742848146992123
                ]
            ],
            "translation_vector": [
                0.4690822792053222,
                0.521877479553222,
                1.3152453994750977
            ]
        }
    },
    {
        "extrinsic": {
            "rotation_matrix": [
                [
                    -0.5082016948653258,
                    0.659353699100123,
                    -0.5540611069035126
                ],
                [
                    -0.860912705404921,
                    -0.4066081679387281,
                    0.3057761194989581
                ],
                [
                    -0.023671171761042942,
                    0.6323941975274963,
                    0.7742849878024654
                ]
            ],
            "translation_vector": [
                0.469081802368164,
                0.521877479553222,
                1.315245041847229
            ]
        }
    },
    {
        "extrinsic": {
            "rotation_matrix": [
                [
                    -0.5082021391501357,
                    0.6593537674195602,
                    -0.5540606660514698
                ],
                [
                    -0.8609124799224048,
                    -0.4066085863995639,
                    0.30577644645960333
                ],
                [
                    -0.023670956668894405,
                    0.632393977426446,
                    0.7742851898966521
                ]
            ],
            "translation_vector": [
                0.469081802368164,
                0.521877479553222,
                1.3152440881729126
            ]
        }
    },
    {
        "extrinsic": {
            "rotation_matrix": [
                [
                    -0.5082024038587618,
                    0.6593544370755371,
                    -0.5540595915654905
                ],
                [
                    -0.8609123245265788,
                    -0.4066085468862295,
                    0.30577675633053314
                ],
                [
                    -0.023670111431066232,
                    0.632393217502039,
                    0.774285824981813
                ]
            ],
            "translation_vector": [
                0.469081802368164,
                0.5218765258789055,
                1.3152425384521484
            ]
        }
    },
    {
        "extrinsic": {
            "rotation_matrix": [
                [
                    -0.5082020242482894,
                    0.6593552299479164,
                    -0.5540590325192571
                ],
                [
                    -0.8609125940473881,
                    -0.40660806791317583,
                    0.3057768226147566
                ],
                [
                    -0.023669308955737378,
                    0.6323927897897867,
                    0.7742862107708657
                ]
            ],
            "translation_vector": [
                0.4690822792053222,
                0.521877479553222,
                1.315241346359253
            ]
        }
    },
    {
        "extrinsic": {
            "rotation_matrix": [
                [
                    -0.5082012871096246,
                    0.6593560179615032,
                    -0.5540587620801354
                ],
                [
                    -0.8609130383634742,
                    -0.4066073344648675,
                    0.3057765013689906
                ],
                [
                    -0.023668769203180062,
                    0.6323924177214959,
                    0.7742865282659377
                ]
            ],
            "translation_vector": [
                0.4690822792053222,
                0.521877479553222,
                1.3152401542663574
            ]
        }
    },
    {
        "extrinsic": {
            "rotation_matrix": [
                [
                    -0.5082022602164051,
                    0.6593556852751918,
                    -0.5540582259850222
                ],
                [
                    -0.8609124447215306,
                    -0.4066079169135155,
                    0.30577719385401014
                ],
                [
                    -0.023668544737377673,
                    0.6323922912662026,
                    0.7742866254560687
                ]
            ],
            "translation_vector": [
                0.4690827560424804,
                0.5218765258789055,
                1.3152382469177246
            ]
        }
    },
    {
        "extrinsic": {
            "rotation_matrix": [
                [
                    -0.5082019684473695,
                    0.6593557058283341,
                    -0.5540584664764463
                ],
                [
                    -0.8609126068792943,
                    -0.4066078474228658,
                    0.30577681586669314
                ],
                [
                    -0.023668848702667944,
                    0.6323923078255262,
                    0.7742866017626642
                ]
            ],
            "translation_vector": [
                0.4690827560424804,
                0.521877479553222,
                1.31523681640625
            ]
        }
    },
    {
        "extrinsic": {
            "rotation_matrix": [
                [
                    -0.5082024602503146,
                    0.6593554202424965,
                    -0.5540583448012342
                ],
                [
                    -0.8609123187843384,
                    -0.40660793791255445,
                    0.30577745257914923
                ],
                [
                    -0.023668523663637586,
                    0.6323925212534229,
                    0.774286433955488
                ]
            ],
            "translation_vector": [
                0.4690822792053222,
                0.5218765258789055,
                1.315235505104065
            ]
        }
    },
    {
        "extrinsic": {
            "rotation_matrix": [
                [
                    -0.5082022806720925,
                    0.6593561425946142,
