[
    {
        "extrinsic": {
            "rotation_matrix": [
                [
                    0.9838925080644572,
                    0.14323734485918793,
                    -0.10695118181345675
                ],
                [
                    -0.1778769339246007,
                    0.7250446609243428,
                    -0.6653345252235456
                ],
                [
                    -0.017756368750064144,
                    0.6736418166314704,
                    0.7388446446625234
                ]
            ],
            "translation_vector": [
                0.609558982849121,
                -0.24989871978759837,
                1.1505177116394043
            ]
        }
    },
    {
        "extrinsic": {
            "rotation_matrix": [
                [
                    0.9838925080644572,
                    0.14323734485918793,
                    -0.10695118181345675
                ],
                [
                    -0.1778769339246007,
                    0.7250446609243428,
                    -0.6653345252235456
                ],
                [
                    -0.017756368750064144,
                    0.6736418166314704,
                    0.7388446446625234
                ]
            ],
            "translation_vector": [
                0.609558982849121,
                -0.24989871978759837,
                1.1505177116394043
            ]
        }
    },
    {
        "extrinsic": {
            "rotation_matrix": [
                [
                    0.9838925080644572,
                    0.14323734485918793,
                    -0.10695118181345675
                ],
                [
                    -0.1778769339246007,
                    0.7250446609243428,
                    -0.6653345252235456
                ],
                [
                    -0.017756368750064144,
                    0.6736418166314704,
                    0.7388446446625234
                ]
            ],
            "translation_vector": [
                0.609558982849121,
                -0.24989871978759837,
                1.1505177116394043
            ]
        }
    },
    {
        "extrinsic": {
            "rotation_matrix": [
                [
                    0.9838925080644572,
                    0.14323734485918793,
                    -0.10695118181345675
                ],
                [
                    -0.1778769339246007,
                    0.7250446609243428,
                    -0.6653345252235456
                ],
                [
                    -0.017756368750064144,
                    0.6736418166314704,
                    0.7388446446625234
                ]
            ],
            "translation_vector": [
                0.609558982849121,
                -0.24989871978759837,
                1.1505177116394043
            ]
        }
    },
    {
        "extrinsic": {
            "rotation_matrix": [
                [
                    0.9838925080644572,
                    0.14323734485918793,
                    -0.10695118181345675
                ],
                [
                    -0.1778769339246007,
                    0.7250446609243428,
                    -0.6653345252235456
                ],
                [
                    -0.017756368750064144,
                    0.6736418166314704,
                    0.7388446446625234
                ]
            ],
            "translation_vector": [
                0.609558982849121,
                -0.24989871978759837,
                1.1505177116394043
            ]
        }
    },
    {
        "extrinsic": {
            "rotation_matrix": [
                [
                    0.9838925080644572,
                    0.14323734485918793,
                    -0.10695118181345675
                ],
                [
                    -0.1778769339246007,
                    0.7250446609243428,
                    -0.6653345252235456
                ],
                [
                    -0.017756368750064144,
                    0.6736418166314704,
                    0.7388446446625234
                ]
            ],
            "translation_vector": [
                0.609558982849121,
                -0.24989871978759837,
                1.1505177116394043
            ]
        }
    },
    {
        "extrinsic": {
            "rotation_matrix": [
                [
                    0.9838925080644572,
                    0.14323734485918793,
                    -0.10695118181345675
                ],
                [
                    -0.1778769339246007,
                    0.7250446609243428,
                    -0.6653345252235456
                ],
                [
                    -0.017756368750064144,
                    0.6736418166314704,
                    0.7388446446625234
                ]
            ],
            "translation_vector": [
                0.609558982849121,
                -0.24989871978759837,
                1.1505177116394043
            ]
        }
    },
    {
        "extrinsic": {
            "rotation_matrix": [
                [
                    0.9838925080644572,
                    0.14323734485918793,
                    -0.10695118181345675
                ],
                [
                    -0.1778769339246007,
                    0.7250446609243428,
                    -0.6653345252235456
                ],
                [
                    -0.017756368750064144,
                    0.6736418166314704,
                    0.7388446446625234
                ]
            ],
            "translation_vector": [
                0.609558982849121,
                -0.24989871978759837,
                1.1505177116394043
            ]
        }
    },
    {
        "extrinsic": {
            "rotation_matrix": [
                [
                    0.9838925080644572,
                    0.14323734485918793,
                    -0.10695118181345675
                ],
                [
                    -0.1778769339246007,
                    0.7250446609243428,
                    -0.6653345252235456
                ],
                [
                    -0.017756368750064144,
                    0.6736418166314704,
                    0.7388446446625234
                ]
            ],
            "translation_vector": [
                0.609558982849121,
                -0.24989871978759837,
                1.1505177116394043
            ]
        }
    },
    {
        "extrinsic": {
            "rotation_matrix": [
                [
                    0.9838925080644572,
                    0.14323734485918793,
                    -0.10695118181345675
                ],
                [
                    -0.1778769339246007,
                    0.7250446609243428,
                    -0.6653345252235456
                ],
                [
                    -0.017756368750064144,
                    0.6736418166314704,
                    0.7388446446625234
                ]
            ],
            "translation_vector": [
                0.609558982849121,
                -0.24989871978759837,
                1.1505177116394043
            ]
        }
    },
    {
        "extrinsic": {
            "rotation_matrix": [
                [
                    0.9838925080644572,
                    0.14323734485918793,
                    -0.10695118181345675
                ],
                [
                    -0.1778769339246007,
                    0.7250446609243428,
                    -0.6653345252235456
                ],
                [
                    -0.017756368750064144,
                    0.6736418166314704,
                    0.7388446446625234
                ]
            ],
            "translation_vector": [
                0.609558982849121,
                -0.24989871978759837,
                1.1505177116394043
            ]
        }
    },
    {
        "extrinsic": {
            "rotation_matrix": [
                [
                    0.9839287702108166,
                    0.1429489606656711,
                    -0.10700344742492551
                ],
                [
                    -0.17769876893964298,
                    0.7250587411759496,
                    -0.6653667897649437
                ],
                [
                    -0.01752970717239033,
                    0.6736879188833474,
                    0.738808021815893
                ]
            ],
            "translation_vector": [
                0.6095465850830077,
                -0.24983959197998118,
                1.1505426263809204
            ]
        }
    },
    {
        "extrinsic": {
            "rotation_matrix": [
                [
                    0.9838025441643481,
                    0.14400713367449747,
                    -0.10674464948135842
                ],
                [
                    -0.17830717289540665,
                    0.7250030006149889,
                    -0.6652647519545933
                ],
                [
                    -0.0184126813932739,
                    0.6735225189628142,
                    0.7389373310174392
                ]
            ],
            "translation_vector": [
                0.6095899772644042,
                -0.2500837326049812,
                1.1504473781585693
            ]
        }
    },
    {
        "extrinsic": {
            "rotation_matrix": [
                [
                    0.9833719340900657,
                    0.14756672352697264,
                    -0.10584782888612354
                ],
                [
                    -0.18033952723300417,
                    0.7248687868019531,
                    -0.6648630726493978
                ],
                [
                    -0.02138587594111163,
                    0.6728962123261921,
                    0.7394277110244136
                ]
            ],
            "translation_vector": [
                0.6097344589233398,
                -0.25087146759033274,
                1.1500854587554932
            ]
        }
    },
    {
        "extrinsic": {
            "rotation_matrix": [
                [
                    0.9822930101246943,
                    0.15606458843199922,
                    -0.10365512071749494
                ],
                [
                    -0.18517094283415114,
                    0.7245679262936545,
                    -0.6638622264228298
                ],
                [
                    -0.028500206022400665,
                    0.6713011082805656,
                    0.7406365998530184
                ]
            ],
            "translation_vector": [
                0.6100763511657714,
                -0.25273399353027415,
                1.149183521270752
            ]
        }
    },
    {
        "extrinsic": {
            "rotation_matrix": [
                [
                    0.9805612245601338,
                    0.1686140623604684,
                    -0.10034445140608939
                ],
                [
                    -0.19229311777478686,
                    0.7240823369328443,
                    -0.6623655560409608
                ],
                [
                    -0.03902650138227748,
                    0.6687855193911568,
                    0.7424303769594994
                ]
            ],
            "translation_vector": [
                0.6105584335327148,
                -0.2554910659790046,
                1.1478182172775269
            ]
        }
    },
    {
        "extrinsic": {
            "rotation_matrix": [
                [
                    0.9781478250340871,
                    0.18435542547637424,
                    -0.09612415091234716
                ],
                [
                    -0.20124383594729695,
                    0.7233794838749911,
                    -0.6604718259082857
                ],
                [
                    -0.05222732794631657,
                    0.665383491997534,
                    0.7446724833266858
                ]
            ],
            "translation_vector": [
                0.6111282539367675,
                -0.25897293090820384,
                1.1460843181610108
            ]
        }
    },
    {
        "extrinsic": {
            "rotation_matrix": [
                [
                    0.9749135275208118,
                    0.20311213708237807,
                    -0.09104447118207548
                ],
                [
                    -0.2119677138134224,
                    0.7223791249600503,
                    -0.6582082430585281
                ],
                [
                    -0.06792145657820936,
                    0.6609946011120762,
                    0.7473103879014708
                ]
            ],
            "translation_vector": [
                0.6117572021484374,
                -0.2631662368774421,
                1.1440203285217285
            ]
        }
    },
    {
        "extrinsic": {
            "rotation_matrix": [
                [
                    0.9708008122486049,
                    0.22422004014723887,
                    -0.08527067907453102
                ],
                [
                    -0.22412221104973748,
                    0.7210331663823553,
                    -0.6556526503342506
                ],
                [
                    -0.08552747878686716,
                    0.6556192011926745,
                    0.7502323005604519
                ]
            ],
            "translation_vector": [
                0.6124028396606445,
                -0.267943191528321,
                1.1417001581192017
            ]
        }
    },
    {
        "extrinsic": {
            "rotation_matrix": [
                [
                    0.9656677570917083,
                    0.24752943438904373,
                    -0.07883377846716111
                ],
                [
                    -0.23766403708094352,
                    0.7192713181712231,
                    -0.6528127971655941
                ],
                [
                    -0.1048875159147038,
                    0.6491362890609487,
                    0.7534060409008299
                ]
            ],
            "translation_vector": [
                0.6130432319641113,
                -0.27328853607177805,
                1.139141092300415
            ]
        }
    },
    {
        "extrinsic": {
            "rotation_matrix": [
                [
                    0.9593719876172173,
                    0.2728498147481804,
                    -0.07182262290585806
                ],
                [
                    -0.2525559680878051,
                    0.7169882354883792,
                    -0.6497256118237372
                ],
                [
                    -0.12578153104659284,
                    0.6414677437474013,
                    0.7567682308500425
                ]
            ],
            "translation_vector": [
                0.6136612129211425,
                -0.2791841506958015,
                1.1363831853866577
            ]
        }
    },
    {
        "extrinsic": {
            "rotation_matrix": [
                [
                    0.9518990289035774,
                    0.29957051297484016,
                    -0.06438877382266983
                ],
                [
                    -0.2684790173672965,
                    0.714158440886278,
                    -0.6464493507598608
                ],
                [
                    -0.14767336818765497,
                    0.6326414890128103,
                    0.760235057928343
                ]
            ],
            "translation_vector": [
                0.6142238807678222,
                -0.2855146408081062,
                1.133490333557129
            ]
        }
    },
    {
        "extrinsic": {
            "rotation_matrix": [
                [
                    0.9431489533251636,
                    0.327515267260825,
                    -0.05660300748639546
                ],
                [
                    -0.28538705911957507,
                    0.7107044650857826,
                    -0.6430034249667594
                ],
                [
                    -0.17036542264354804,
                    0.6226017408769214,
                    0.7637687523382841
                ]
            ],
            "translation_vector": [
                0.614716453552246,
                -0.2922618865966804,
                1.1304984188079834
            ]
        }
    },
    {
        "extrinsic": {
            "rotation_matrix": [
                [
                    0.9331219159938939,
                    0.3562619243449525,
                    -0.04858874268879809
                ],
                [
                    -0.303070072042086,
                    0.7065926658895876,
                    -0.6394335978361756
                ],
                [
                    -0.19347339891171522,
                    0.6113953188170012,
                    0.7673094552978642
                ]
            ],
            "translation_vector": [
                0.6151236724853515,
                -0.29934959411621165,
                1.1274618005752564
            ]
        }
    },
    {
        "extrinsic": {
            "rotation_matrix": [
                [
                    0.9218292301510775,
                    0.3854816715114171,
                    -0.04043394967643543
                ],
                [
                    -0.32136220752276445,
                    0.7018097726770502,
                    -0.6357589152169787
                ],
                [
                    -0.21669645805542892,
                    0.5990550455763959,
                    0.7708279416774885
                ]
            ],
            "translation_vector": [
                0.6154293251037597,
                -0.30671768188476634,
                1.1244217252731323
            ]
        }
    },
    {
        "extrinsic": {
            "rotation_matrix": [
                [
                    0.9092664633884855,
                    0.41496868192962566,
                    -0.03217962212860037
                ],
                [
                    -0.3401608180592923,
                    0.6963415372106674,
                    -0.6319802902135159
                ],
                [
                    -0.2398440178949297,
                    0.5855847183616696,
                    0.7743160782370762
                ]
            ],
            "translation_vector": [
                0.6156257820129394,
                -0.31433467864990305,
                1.1214062070846558
            ]
        }
    },
    {
        "extrinsic": {
            "rotation_matrix": [
                [
                    0.8955354403972624,
                    0.44434811750929804,
                    -0.02389618785771308
                ],
                [
                    -0.35923902645702377,
                    0.6902283188948259,
                    -0.6281179746254182
                ],
                [
                    -0.26260921384901525,
                    0.5710863495508107,
                    0.7777511057093971
                ]
            ],
            "translation_vector": [
                0.6157035064697265,
                -0.3221080780029304,
                1.118456015586853
            ]
        }
    },
    {
        "extrinsic": {
            "rotation_matrix": [
                [
                    0.8807132956378556,
                    0.4733921939454264,
                    -0.015620865513337634
                ],
                [
                    -0.3784585841664052,
                    0.6834994254043316,
                    -0.6241775794290048
                ],
                [
                    -0.2848039339591537,
                    0.5556333155081932,
                    0.7811263331589173
                ]
            ],
            "translation_vector": [
                0.6156591606140136,
                -0.3299968719482429,
                1.115596899986267
            ]
        }
    },
    {
        "extrinsic": {
            "rotation_matrix": [
                [
                    0.8649204116575291,
                    0.5018542699394759,
                    -0.007406616959332979
                ],
                [
                    -0.3976663720500353,
                    0.67620515647274,
                    -0.6201677377025874
                ],
                [
                    -0.30622544435730603,
                    0.5393411333192546,
                    0.7844342584400533
                ]
            ],
            "translation_vector": [
                0.6154922676086425,
                -0.33793811798095774,
                1.1128592586517334
            ]
        }
    },
    {
        "extrinsic": {
            "rotation_matrix": [
                [
                    0.8482914831311152,
                    0.5295290294926263,
                    0.0007203837493889864
                ],
                [
                    -0.41671585275351486,
                    0.6684059436818295,
                    -0.6161017642983841
                ],
                [
                    -0.3267252822970086,
                    0.5223336987331644,
                    0.7876662310935649
                ]
            ],
            "translation_vector": [
                0.6152085494995116,
                -0.3458784103393562,
                1.110266456604004
            ]
        }
    },
    {
        "extrinsic": {
            "rotation_matrix": [
                [
                    0.8310430348847717,
                    0.5561397186635997,
                    0.008728149464163337
                ],
                [
                    -0.435394750793181,
                    0.6602178618276753,
                    -0.6119998392005908
                ],
                [
                    -0.34611988999484034,
                    0.5047979848658048,
                    0.7908097286083383
                ]
            ],
            "translation_vector": [
                0.6148132514953613,
                -0.35373477935791087,
                1.1078474617004395
            ]
        }
    },
    {
        "extrinsic": {
            "rotation_matrix": [
                [
                    0.8133210492724317,
                    0.5815779612336449,
                    0.016611114105391067
                ],
                [
                    -0.45360686718140997,
                    0.6517189507877319,
                    -0.6078677619526616
                ],
                [
                    -0.36434827315409635,
                    0.4868567355832596,
                    0.7938645054212596
                ]
            ],
            "translation_vector": [
                0.6143120956420898,
                -0.36146717071533274,
                1.1056141948699951
            ]
        }
    },
    {
        "extrinsic": {
            "rotation_matrix": [
                [
                    0.7952437421759555,
                    0.605799650665027,
                    0.024378200842001263
                ],
                [
                    -0.47129494166555475,
                    0.6429712310606135,
                    -0.6037127615257276
                ],
                [
                    -0.38140344962076966,
                    0.46860943622881734,
                    0.7968291026328114
                ]
            ],
            "translation_vector": [
                0.6137160491943359,
                -0.369047927856446,
                1.1035717821121216
            ]
        }
    },
    {
        "extrinsic": {
            "rotation_matrix": [
                [
                    0.7770108377764036,
                    0.6286704894449255,
                    0.0320575166643664
                ],
                [
                    -0.48831675646373496,
                    0.6341114770477727,
                    -0.5995409934486355
                ],
                [
                    -0.3972417576619378,
                    0.4501955943472984,
                    0.7997017727110175
                ]
            ],
            "translation_vector": [
                0.6130317878723144,
                -0.37642173767089915,
                1.1017234420776367
            ]
        }
    },
    {
        "extrinsic": {
            "rotation_matrix": [
                [
                    0.7586834125663007,
                    0.6502510694426045,
                    0.03966249304208169
                ],
                [
                    -0.5046927184260133,
                    0.6251667820988409,
                    -0.595358524845726
                ],
                [
                    -0.41192818140220133,
                    0.4316712404451648,
                    0.8024806062013083
                ]
            ],
            "translation_vector": [
                0.6122717094421386,
                -0.3835847854614265,
                1.1000644063949585
            ]
        }
    },
    {
        "extrinsic": {
            "rotation_matrix": [
                [
                    0.7404284696932137,
                    0.6704755000388296,
                    0.04720447416252327
                ],
                [
                    -0.5203321869997914,
                    0.6162422873344777,
                    -0.5911851262167538
                ],
                [
                    -0.4254645387165574,
                    0.4131682975926232,
                    0.8051533280151801
                ]
            ],
            "translation_vector": [
                0.6114491653442382,
                -0.390497016906739,
                1.0985944366455078
            ]
        }
    },
    {
        "extrinsic": {
            "rotation_matrix": [
                [
                    0.7223482642500958,
                    0.6893608446621737,
                    0.05472234069388904
                ],
                [
                    -0.5352116950073924,
                    0.6074208916319588,
                    -0.5870164261074073
                ],
                [
                    -0.4379056408082427,
                    0.39474228154487534,
                    0.807723450432686
                ]
            ],
            "translation_vector": [
                0.6105670166015624,
                -0.39714221954345774,
                1.0973092412948608
            ]
        }
    },
    {
        "extrinsic": {
            "rotation_matrix": [
                [
                    0.7044572072766329,
                    0.7070120653448697,
                    0.06224128946090701
                ],
                [
                    -0.549379688285434,
                    0.598706603021105,
                    -0.582865645366498
                ],
                [
                    -0.4493573152362984,
                    0.3764098058046397,
                    0.8101812518450142
                ]
            ],
            "translation_vector": [
                0.609638614654541,
                -0.4035308837890632,
                1.0961942768096924
            ]
        }
    },
    {
        "extrinsic": {
            "rotation_matrix": [
                [
                    0.6869499437924862,
                    0.723349733368428,
                    0.06974877314970485
                ],
                [
                    -0.5627322736529496,
                    0.590222290499808,
                    -0.5787659498157112
                ],
                [
                    -0.4598174815178808,
                    0.3583333639399555,
                    0.8125054330885
                ]
            ],
            "translation_vector": [
                0.6086720657348632,
                -0.4096153259277351,
                1.0952514505386353
            ]
        }
    },
    {
        "extrinsic": {
            "rotation_matrix": [
                [
                    0.669797555644168,
                    0.7385094668685426,
                    0.07729732138813539
                ],
                [
                    -0.5753512946171,
                    0.5819717995118303,
                    -0.5746996440189704
                ],
                [
                    -0.469406003722435,
                    0.3404593373644573,
                    0.8147057317211317
                ]
            ],
            "translation_vector": [
                0.6076740455627441,
                -0.41542129516601634,
                1.0944690799713135
            ]
        }
    },
    {
        "extrinsic": {
            "rotation_matrix": [
                [
                    0.6529806850134765,
                    0.7525949702224004,
                    0.08495244964539594
                ],
                [
                    -0.5872841670560724,
                    0.5739670280829667,
                    -0.5706655129052081
                ],
                [
                    -0.4782399136731108,
                    0.3227423605448365,
                    0.8167765549405939
                ]
            ],
            "translation_vector": [
                0.6066450309753417,
                -0.42096500396728587,
                1.0938271379470825
            ]
        }
    },
    {
        "extrinsic": {
            "rotation_matrix": [
                [
                    0.6366441708328328,
                    0.7655703648719854,
                    0.09266207539946691
                ],
                [
                    -0.598479689361076,
                    0.5662835086271709,
                    -0.5666966216157618
                ],
                [
                    -0.48631913925922277,
                    0.3053277189483836,
                    0.8186993854345097
                ]
            ],
            "translation_vector": [
                0.6055978965759277,
                -0.426207351684571,
                1.0933194255828858
            ]
        }
    },
    {
        "extrinsic": {
            "rotation_matrix": [
                [
                    0.6206759064279055,
                    0.7776129719764295,
                    0.10039637715473226
                ],
                [
                    -0.6090909638540243,
                    0.5588247083241384,
                    -0.5627815995930963
                ],
                [
                    -0.493730254778038,
                    0.2881544670887006,
                    0.8204860954362583
                ]
            ],
            "translation_vector": [
                0.6045507621765136,
                -0.4312093734741218,
                1.0929336643218994
            ]
        }
    },
    {
        "extrinsic": {
            "rotation_matrix": [
                [
                    0.605034096276889,
                    0.78881954458928,
                    0.108155525292851
                ],
                [
                    -0.6191979009005242,
                    0.5515635811855115,
                    -0.5589021534450538
                ],
                [
                    -0.5005275727647742,
                    0.27118514649422565,
                    0.8221500968554798
                ]
            ],
            "translation_vector": [
                0.6035064888000488,
                -0.43599014282226634,
                1.092655429840088
            ]
        }
    },
    {
        "extrinsic": {
            "rotation_matrix": [
                [
                    0.5895635360301523,
                    0.7993666345258799,
                    0.11587853594207242
                ],
                [
                    -0.6289845340586186,
                    0.5443582294959994,
                    -0.555024844535712
                ],
                [
                    -0.5067477749338147,
                    0.25433659930021335,
                    0.8237230046952777
                ]
            ],
            "translation_vector": [
                0.602483673095703,
                -0.44061832427978587,
                1.0924673175811768
            ]
        }
    },
    {
        "extrinsic": {
            "rotation_matrix": [
                [
                    0.5741557996307027,
                    0.8093744689417308,
                    0.12352425364364539
                ],
                [
                    -0.6385763266437534,
                    0.5371054680919491,
                    -0.5511243386178588
                ],
                [
                    -0.5124115018840802,
                    0.23755153249788385,
                    0.8252295070427329
                ]
            ],
            "translation_vector": [
                0.6014913749694824,
                -0.4451396942138679,
                1.0923625326156616
            ]
        }
    },
    {
        "extrinsic": {
            "rotation_matrix": [
                [
                    0.5586620209125641,
                    0.8189823296009369,
                    0.13101453638337723
                ],
                [
                    -0.6481385517658023,
                    0.5296528030743133,
                    -0.5471602705654366
                ],
                [
                    -0.5175067947933218,
                    0.22076206144112653,
                    0.8267108580098887
                ]
            ],
            "translation_vector": [
                0.6005500984191894,
                -0.44961624145507884,
                1.0923307037353516
            ]
        }
    },
    {
        "extrinsic": {
            "rotation_matrix": [
                [
                    0.5429429207364689,
                    0.828296754680427,
                    0.1383387312576625
                ],
                [
                    -0.6577867888437186,
                    0.5218809372241764,
                    -0.5430993179621231
                ],
                [
                    -0.5220437326534784,
                    0.20387450780842276,
                    0.8281941445909302
                ]
            ],
            "translation_vector": [
                0.5996631813049316,
                -0.454100418090821,
                1.0923724269866943
            ]
        }
    },
    {
        "extrinsic": {
            "rotation_matrix": [
                [
                    0.5269058516583218,
                    0.8373822003363891,
                    0.1454696161606961
                ],
                [
                    -0.6676078240518741,
                    0.5136965152957469,
                    -0.5389023348348765
                ],
                [
                    -0.5259944409695549,
                    0.18683410766117348,
                    0.8297125281440767
                ]
            ],
            "translation_vector": [
                0.5988387298583984,
                -0.45863323211669993,
                1.0924939012527466
            ]
        }
    },
    {
        "extrinsic": {
            "rotation_matrix": [
                [
                    0.5105063314843079,
                    0.8462696721206058,
                    0.15235134399045336
                ],
                [
                    -0.6776430738601036,
                    0.5050189303418264,
                    -0.534561264875073
                ],
                [
                    -0.5293232985768199,
                    0.1696570761986962,
                    0.8312841406984575
                ]
            ],
            "translation_vector": [
                0.5980915260314941,
                -0.4632347106933601,
                1.092700252532959
            ]
        }
    },
    {
        "extrinsic": {
            "rotation_matrix": [
                [
                    0.4938339785625421,
                    0.8548960149491345,
                    0.1589994683795597
                ],
                [
                    -0.6878128349797512,
                    0.49590660003405196,
                    -0.530085046717522
                ],
                [
                    -0.5320164765850874,
                    0.15241212661887893,
                    0.8329039651584416
                ]
            ],
            "translation_vector": [
                0.5974220466613769,
                -0.46788196563720774,
                1.0930061435699463
            ]
        }
    },
    {
        "extrinsic": {
            "rotation_matrix": [
                [
                    0.4768798822892504,
                    0.8632706865821538,
                    0.16537642480414672
                ],
                [
                    -0.6981247769529597,
                    0.4863156131182307,
                    -0.5254702103065547
                ],
                [
                    -0.5340481588746515,
                    0.1351327784188996,
                    0.8345847489500442
                ]
            ],
            "translation_vector": [
                0.5968383979797363,
                -0.47258548736572337,
                1.09342444896698
            ]
        }
    },
    {
        "extrinsic": {
            "rotation_matrix": [
                [
                    0.459685462518181,
                    0.871358510062048,
                    0.17153295706574756
                ],
                [
                    -0.7085354640792159,
                    0.4762908078720378,
                    -0.5206962054718867
                ],
                [
                    -0.5354126488600377,
                    0.11781930738728175,
                    0.8363324092250926
                ]
            ],
            "translation_vector": [
                0.5963420104980468,
                -0.47732810974121165,
                1.0939691162109375
            ]
        }
    },
    {
        "extrinsic": {
            "rotation_matrix": [
                [
                    0.44232844212649924,
                    0.8791101367910721,
                    0.17751291068033836
                ],
                [
                    -0.7189810255685649,
                    0.46590153938120293,
                    -0.5157538266056676
                ],
                [
                    -0.5361079657488759,
                    0.10050418984896581,
                    0.8381450635449452
                ]
            ],
            "translation_vector": [
                0.5959314537048339,
                -0.48208599090576243,
                1.094646224975586
            ]
        }
    },
    {
        "extrinsic": {
            "rotation_matrix": [
                [
                    0.42484191855199827,
                    0.8865037282612271,
                    0.1833585668544515
                ],
                [
                    -0.7294212497610792,
                    0.45518066768929755,
                    -0.5106419041574348
                ],
                [
                    -0.5361472415829063,
                    0.08319647626846916,
                    0.8400145642830976
                ]
            ],
            "translation_vector": [
                0.5956105422973632,
                -0.486845779418946,
                1.0954604244232178
            ]
        }
    },
    {
        "extrinsic": {
            "rotation_matrix": [
                [
                    0.4073570410681282,
