[
    {
        "extrinsic": {
            "rotation_matrix": [
                [
                    6.88508876578453e-08,
                    0.8191505496880129,
                    -0.5735784954945053
                ],
                [
                    -0.9999999567739533,
                    9.1933699764013e-08,
                    -1.258380724067365e-07
                ],
                [
                    -7.514266187058638e-08,
                    0.5735784954945142,
                    0.8191505929140486
                ]
            ],
            "translation_vector": [
                0.5079907608032226,
                4.959106444601957e-06,
                1.3106607294082642
            ]
        }
    },
    {
        "extrinsic": {
            "rotation_matrix": [
                [
                    6.88508876578453e-08,
                    0.8191505496880129,
                    -0.5735784954945053
                ],
                [
                    -0.9999999567739533,
                    9.1933699764013e-08,
                    -1.258380724067365e-07
                ],
                [
                    -7.514266187058638e-08,
                    0.5735784954945142,
                    0.8191505929140486
                ]
            ],
            "translation_vector": [
                0.5079907608032226,
                4.959106444601957e-06,
                1.3106607294082642
            ]
        }
    },
    {
        "extrinsic": {
            "rotation_matrix": [
                [
                    6.88508876578453e-08,
                    0.8191505496880129,
                    -0.5735784954945053
                ],
                [
                    -0.9999999567739533,
                    9.1933699764013e-08,
                    -1.258380724067365e-07
                ],
                [
                    -7.514266187058638e-08,
                    0.5735784954945142,
                    0.8191505929140486
                ]
            ],
            "translation_vector": [
                0.5079907608032226,
                4.959106444601957e-06,
                1.3106607294082642
            ]
        }
    },
    {
        "extrinsic": {
            "rotation_matrix": [
                [
                    6.88508876578453e-08,
                    0.8191505496880129,
                    -0.5735784954945053
                ],
                [
                    -0.9999999567739533,
                    9.1933699764013e-08,
                    -1.258380724067365e-07
                ],
                [
                    -7.514266187058638e-08,
                    0.5735784954945142,
                    0.8191505929140486
                ]
            ],
            "translation_vector": [
                0.5079907608032226,
                4.959106444601957e-06,
                1.3106607294082642
            ]
        }
    },
    {
        "extrinsic": {
            "rotation_matrix": [
                [
                    6.88508876578453e-08,
                    0.8191505496880129,
                    -0.5735784954945053
                ],
                [
                    -0.9999999567739533,
                    9.1933699764013e-08,
                    -1.258380724067365e-07
                ],
                [
                    -7.514266187058638e-08,
                    0.5735784954945142,
                    0.8191505929140486
                ]
            ],
            "translation_vector": [
                0.5079907608032226,
                4.959106444601957e-06,
                1.3106607294082642
            ]
        }
    },
    {
        "extrinsic": {
            "rotation_matrix": [
                [
                    6.88508876578453e-08,
                    0.8191505496880129,
                    -0.5735784954945053
                ],
                [
                    -0.9999999567739533,
                    9.1933699764013e-08,
                    -1.258380724067365e-07
                ],
                [
                    -7.514266187058638e-08,
                    0.5735784954945142,
                    0.8191505929140486
                ]
            ],
            "translation_vector": [
                0.5079907608032226,
                4.959106444601957e-06,
                1.3106607294082642
            ]
        }
    },
    {
        "extrinsic": {
            "rotation_matrix": [
                [
                    6.88508876578453e-08,
                    0.8191505496880129,
                    -0.5735784954945053
                ],
                [
                    -0.9999999567739533,
                    9.1933699764013e-08,
                    -1.258380724067365e-07
                ],
                [
                    -7.514266187058638e-08,
                    0.5735784954945142,
                    0.8191505929140486
                ]
            ],
            "translation_vector": [
                0.5079907608032226,
                4.959106444601957e-06,
                1.3106607294082642
            ]
        }
    },
    {
        "extrinsic": {
            "rotation_matrix": [
                [
                    6.88508876578453e-08,
                    0.8191505496880129,
                    -0.5735784954945053
                ],
                [
                    -0.9999999567739533,
                    9.1933699764013e-08,
                    -1.258380724067365e-07
                ],
                [
                    -7.514266187058638e-08,
                    0.5735784954945142,
                    0.8191505929140486
                ]
            ],
            "translation_vector": [
                0.5079907608032226,
                4.959106444601957e-06,
                1.3106607294082642
            ]
        }
    },
    {
        "extrinsic": {
            "rotation_matrix": [
                [
                    6.88508876578453e-08,
                    0.8191505496880129,
                    -0.5735784954945053
                ],
                [
                    -0.9999999567739533,
                    9.1933699764013e-08,
                    -1.258380724067365e-07
                ],
                [
                    -7.514266187058638e-08,
                    0.5735784954945142,
                    0.8191505929140486
                ]
            ],
            "translation_vector": [
                0.5079907608032226,
                4.959106444601957e-06,
                1.3106607294082642
            ]
        }
    },
    {
        "extrinsic": {
            "rotation_matrix": [
                [
                    6.88508876578453e-08,
                    0.8191505496880129,
                    -0.5735784954945053
                ],
                [
                    -0.9999999567739533,
                    9.1933699764013e-08,
                    -1.258380724067365e-07
                ],
                [
                    -7.514266187058638e-08,
                    0.5735784954945142,
                    0.8191505929140486
                ]
            ],
            "translation_vector": [
                0.5079907608032226,
                4.959106444601957e-06,
                1.3106607294082642
            ]
        }
    },
    {
        "extrinsic": {
            "rotation_matrix": [
                [
                    6.88508876578453e-08,
                    0.8191505496880129,
                    -0.5735784954945053
                ],
                [
                    -0.9999999567739533,
                    9.1933699764013e-08,
                    -1.258380724067365e-07
                ],
                [
                    -7.514266187058638e-08,
                    0.5735784954945142,
                    0.8191505929140486
                ]
            ],
            "translation_vector": [
                0.5079907608032226,
                4.959106444601957e-06,
                1.3106607294082642
            ]
        }
    },
    {
        "extrinsic": {
            "rotation_matrix": [
                [
                    1.535923761508684e-07,
                    0.8191506871126286,
                    -0.5735783399595427
                ],
                [
                    -0.9999999801339179,
                    1.6797681290370292e-07,
                    -9.089154318075998e-08
                ],
                [
                    1.049924591711715e-08,
                    0.5735783399595498,
                    0.819150706978709
                ]
            ],
            "translation_vector": [
                0.5079912376403808,
                4.959106444601957e-06,
                1.3106591796875
            ]
        }
    },
    {
        "extrinsic": {
            "rotation_matrix": [
                [
                    2.2131029897565213e-08,
                    0.8191502114694087,
                    -0.5735790075451099
                ],
                [
                    -0.9999999734233969,
                    1.3865354331343838e-07,
                    7.514262811980643e-08
                ],
                [
                    1.2583808839394806e-07,
                    0.573579007545101,
                    0.8191502380460007
                ]
            ],
            "translation_vector": [
                0.5079907608032226,
                4.959106444601957e-06,
                1.3106654977798462
            ]
        }
    },
    {
        "extrinsic": {
            "rotation_matrix": [
                [
                    1.6551942083609106e-07,
                    0.8191496914673104,
                    -0.5735798158169523
                ],
                [
                    -1.0000000110717968,
                    1.5604968295335198e-07,
                    -3.059746944700237e-08
                ],
                [
                    7.079360742068275e-08,
                    0.5735798158169487,
                    0.8191496803955132
                ]
            ],
            "translation_vector": [
                0.5079907608032226,
                4.959106444601957e-06,
                1.3106772994995117
            ]
        }
    },
    {
        "extrinsic": {
            "rotation_matrix": [
                [
                    -3.8008546976442403e-08,
                    0.8191490657247584,
                    -0.5735806791330145
                ],
                [
                    -0.9999999936762123,
                    3.8008546976442403e-08,
                    1.0049032717063255e-07
                ],
                [
                    1.0049032717063255e-07,
                    0.5735806791330145,
                    0.819149072048535
                ]
            ],
            "translation_vector": [
                0.5079907608032226,
                4.959106444601957e-06,
                1.3106960153579712
            ]
        }
    },
    {
        "extrinsic": {
            "rotation_matrix": [
                [
                    1.39426191925196e-07,
                    0.8191487718641715,
                    -0.573581050496724
                ],
                [
                    -0.9999999659677523,
                    1.8214282659911873e-07,
                    -9.089178831800382e-08
                ],
                [
                    1.0499533686925133e-08,
                    0.5735810504967311,
                    0.8191488058964174
                ]
            ],
            "translation_vector": [
                0.5079902839660644,
                4.959106444601957e-06,
                1.3107075786590576
            ]
        }
    },
    {
        "extrinsic": {
            "rotation_matrix": [
                [
                    -3.8008546976442403e-08,
                    0.8191490657247584,
                    -0.5735806791330145
                ],
                [
                    -0.9999999936762123,
                    3.8008546976442403e-08,
                    1.0049032717063255e-07
                ],
                [
                    1.0049032717063255e-07,
                    0.5735806791330145,
                    0.819149072048535
                ]
            ],
            "translation_vector": [
                0.5079907608032226,
                4.959106444601957e-06,
                1.3107093667984009
            ]
        }
    },
    {
        "extrinsic": {
            "rotation_matrix": [
                [
                    -3.8008546976442403e-08,
                    0.8191490657247584,
                    -0.5735806791330145
                ],
                [
                    -0.9999999936762123,
                    3.8008546976442403e-08,
                    1.0049032717063255e-07
                ],
                [
                    1.0049032717063255e-07,
                    0.5735806791330145,
                    0.819149072048535
                ]
            ],
            "translation_vector": [
                0.5079907608032226,
                4.959106444601957e-06,
                1.3107069826126099
            ]
        }
    },
    {
        "extrinsic": {
            "rotation_matrix": [
                [
                    3.405867943229168e-08,
                    0.8191493976069424,
                    -0.5735801871808235
                ],
                [
                    -0.9999999833630895,
                    -3.405867943229168e-08,
                    -1.607845376838668e-07
                ],
                [
                    -1.607845376838668e-07,
                    0.5735801871808235,
                    0.8191494142438245
                ]
            ],
            "translation_vector": [
                0.5079902839660644,
                4.959106444601957e-06,
                1.3107004261016846
            ]
        }
    },
    {
        "extrinsic": {
            "rotation_matrix": [
                [
                    9.457167493565066e-09,
                    0.8191503108724945,
                    -0.573578972598618
                ],
                [
                    -1.0000000348048914,
                    -9.457167493565066e-09,
                    8.039229015821547e-08
                ],
                [
                    8.039229015821547e-08,
                    0.573578972598618,
                    0.8191502760675959
                ]
            ],
            "translation_vector": [
                0.5079912376403808,
                4.959106444601957e-06,
                1.3106924390792847
            ]
        }
    },
    {
        "extrinsic": {
            "rotation_matrix": [
                [
                    2.1298622421284108e-07,
                    0.8191508372110734,
                    -0.5735781442284242
                ],
                [
                    -0.9999999908200534,
                    2.69367580685298e-07,
                    -1.5748836901252616e-08
                ],
                [
                    1.3633728812578738e-07,
                    0.5735781442284082,
                    0.819150846391016
                ]
            ],
            "translation_vector": [
                0.5079912376403808,
                4.959106444601957e-06,
                1.3106844520568848
            ]
        }
    },
    {
        "extrinsic": {
            "rotation_matrix": [
                [
                    8.227271353078436e-08,
                    0.8191515877030082,
                    -0.5735771655724733
                ],
                [
                    -1.0000000442512476,
                    -8.227271353078436e-08,
                    -1.2058847786988736e-07
                ],
                [
                    -1.2058847786988736e-07,
                    0.5735771655724733,
                    0.8191515434517447
                ]
            ],
            "translation_vector": [
                0.507991714477539,
                4.959106444601957e-06,
                1.310674319267273
            ]
        }
    },
    {
        "extrinsic": {
            "rotation_matrix": [
                [
                    1.2501814738996586e-07,
                    0.8191522007699237,
                    -0.5735763424512008
                ],
                [
                    -1.0000000743229376,
                    -1.2501814738996586e-07,
                    -1.6078466558155924e-07
                ],
                [
                    -1.6078466558155924e-07,
                    0.5735763424512008,
                    0.8191521264469577
                ]
            ],
            "translation_vector": [
                0.5079921913146972,
                4.959106444601957e-06,
                1.3106645441055298
            ]
        }
    },
    {
        "extrinsic": {
            "rotation_matrix": [
                [
                    -8.173707755076975e-08,
                    0.8191527714654008,
                    -0.5735753733935312
                ],
                [
                    -0.9999999859814857,
                    -7.904760934707156e-08,
                    -1.4848620111251876e-08
                ],
                [
                    -6.554372333766878e-08,
                    0.5735753733935276,
                    0.8191527854839133
                ]
            ],
            "translation_vector": [
                0.5079926681518554,
                4.959106444601957e-06,
                1.3106548881530762
            ]
        }
    },
    {
        "extrinsic": {
            "rotation_matrix": [
                [
                    1.170447383458395e-08,
                    0.8191532407702695,
                    -0.5735747259049973
                ],
                [
                    -0.9999999990307131,
                    -1.170447383458395e-08,
                    -4.0196177053530846e-08
                ],
                [
                    -4.0196177053530846e-08,
                    0.5735747259049973,
                    0.8191532417395546
                ]
            ],
            "translation_vector": [
                0.5079926681518554,
                4.959106444601957e-06,
                1.3106459474563599
            ]
        }
    },
    {
        "extrinsic": {
            "rotation_matrix": [
                [
                    -4.296461453279221e-08,
                    0.8191535916612822,
                    -0.5735741736573274
                ],
                [
                    -0.9999999697091311,
                    4.296461453279221e-08,
                    4.0196180606244525e-08
                ],
                [
                    4.0196180606244525e-08,
                    0.5735741736573274,
                    0.8191536219521494
                ]
            ],
            "translation_vector": [
                0.5079931449890136,
                4.959106444601957e-06,
                1.3106378412246704
            ]
        }
    },
    {
        "extrinsic": {
            "rotation_matrix": [
                [
                    -2.556478007065266e-08,
                    0.8191541116605916,
                    -0.5735733653837212
                ],
                [
                    -0.9999999320640174,
                    1.8634952381191283e-07,
                    9.524110389236284e-08
                ],
                [
                    1.4593601171952741e-07,
                    0.5735733653837105,
                    0.8191541795965582
                ]
            ],
            "translation_vector": [
                0.5079936218261718,
                4.959106444601957e-06,
                1.3106305694580078
            ]
        }
    },
    {
        "extrinsic": {
            "rotation_matrix": [
                [
                    -6.755949710779419e-08,
                    0.8191545429435325,
                    -0.5735728384832086
                ],
                [
                    -0.9999999831353432,
                    6.755949710779419e-08,
                    1.6078476505754224e-07
                ],
                [
                    1.6078476505754224e-07,
                    0.5735728384832086,
                    0.8191545598081609
                ]
            ],
            "translation_vector": [
                0.50799409866333,
                4.959106444601957e-06,
                1.3106246089935303
            ]
        }
    },
    {
        "extrinsic": {
            "rotation_matrix": [
                [
                    1.0192560440103193e-07,
                    0.819154862149647,
                    -0.5735723867256404
                ],
                [
                    -0.9999999854987589,
                    2.19643954135762e-07,
                    8.999187173230894e-08
                ],
                [
                    1.9138149198738574e-07,
                    0.5735723867256155,
                    0.8191548766508663
                ]
            ],
            "translation_vector": [
                0.50799409866333,
                4.959106444601957e-06,
                1.3106197214126587
            ]
        }
    },
    {
        "extrinsic": {
            "rotation_matrix": [
                [
                    7.657820733086851e-08,
                    0.8191550249210864,
                    -0.5735721507977534
                ],
                [
                    -0.9999999835121129,
                    8.420657904295581e-08,
                    -6.554359011090582e-08
                ],
                [
                    -1.4848803076006334e-08,
                    0.5735721507977569,
                    0.8191550414089717
                ]
            ],
            "translation_vector": [
                0.5079936218261718,
                4.959106444601957e-06,
                1.310615906715393
            ]
        }
    },
    {
        "extrinsic": {
            "rotation_matrix": [
                [
                    5.360374366603082e-10,
                    0.8191551813556477,
                    -0.5735719349679584
                ],
                [
                    -0.9999999878623451,
                    -5.360374366603082e-10,
                    -4.019619836981292e-08
                ],
                [
                    -4.019619836981292e-08,
                    0.5735719349679584,
                    0.8191551934933008
                ]
            ],
            "translation_vector": [
                0.50799409866333,
                4.959106444601957e-06,
                1.3106130456924439
            ]
        }
    },
    {
        "extrinsic": {
            "rotation_matrix": [
                [
                    6.390451012805443e-08,
                    0.8191550312579343,
                    -0.573572130699656
                ],
                [
                    -0.999999977175265,
                    9.688027624576989e-08,
                    -4.5445490925999366e-08
                ],
                [
                    5.249294332543286e-09,
                    0.5735721306996577,
                    0.8191550540826689
                ]
            ],
            "translation_vector": [
                0.50799409866333,
                4.959106444601957e-06,
                1.3106117343902588
            ]
        }
    },
    {
        "extrinsic": {
            "rotation_matrix": [
                [
                    1.0192560440103193e-07,
                    0.819154862149647,
                    -0.5735723867256404
                ],
                [
                    -0.9999999854987589,
                    2.19643954135762e-07,
                    8.999187173230894e-08
                ],
                [
                    1.9138149198738574e-07,
                    0.5735723867256155,
                    0.8191548766508663
                ]
            ],
            "translation_vector": [
                0.50799409866333,
                4.959106444601957e-06,
                1.3106113767623901
            ]
        }
    },
    {
        "extrinsic": {
            "rotation_matrix": [
                [
                    9.322527505517542e-08,
                    0.8191546296727701,
                    -0.5735728437325456
                ],
                [
                    -1.0000000571908707,
                    6.755949710779419e-08,
                    1.1533924926254713e-07
                ],
                [
                    1.6603410202264968e-07,
                    0.5735728437325331,
                    0.8191545724818776
                ]
            ],
            "translation_vector": [
                0.50799409866333,
                4.959106444601957e-06,
                1.3106123304367066
            ]
        }
    },
    {
        "extrinsic": {
            "rotation_matrix": [
                [
                    1.3521997788146223e-07,
                    0.8191543104665153,
                    -0.5735732954900552
                ],
                [
                    -1.0000000548275954,
                    2.556478007065266e-08,
                    -2.5347448584511767e-08
                ],
                [
                    2.5347448584511767e-08,
                    0.5735732954900552,
                    0.81915425563892
                ]
            ],
            "translation_vector": [
                0.5079936218261718,
                4.959106444601957e-06,
                1.3106137609481812
            ]
        }
    },
    {
        "extrinsic": {
            "rotation_matrix": [
                [
                    1.391937107797503e-07,
                    0.8191540102707453,
                    -0.5735736869531998
                ],
                [
                    -1.0000000334538637,
                    2.1591032961509882e-08,
                    -1.0573983999506709e-07
                ],
                [
                    -5.5044903746193086e-08,
                    0.5735736869532069,
                    0.8191539768168745
                ]
            ],
            "translation_vector": [
                0.5079936218261718,
                4.959106444601957e-06,
                1.3106154298782349
            ]
        }
    },
    {
        "extrinsic": {
            "rotation_matrix": [
                [
                    4.177765733359706e-08,
                    0.8191538348253449,
                    -0.5735739630771164
                ],
                [
                    -1.0000000481145275,
                    -4.177765733359706e-08,
                    2.0098092079479102e-08
                ],
                [
                    2.0098092079479102e-08,
                    0.5735739630771164,
                    0.819153786710817
                ]
            ],
            "translation_vector": [
                0.5079931449890136,
                4.959106444601957e-06,
                1.310618052482605
            ]
        }
    },
    {
        "extrinsic": {
            "rotation_matrix": [
                [
                    4.177765733359706e-08,
                    0.8191538348253449,
                    -0.5735739630771164
                ],
                [
                    -1.0000000481145275,
                    -4.177765733359706e-08,
                    2.0098092079479102e-08
                ],
                [
                    2.0098092079479102e-08,
                    0.5735739630771164,
                    0.819153786710817
                ]
            ],
            "translation_vector": [
                0.5079931449890136,
                4.959106444601957e-06,
                1.3106207942962647
            ]
        }
    },
    {
        "extrinsic": {
            "rotation_matrix": [
                [
                    2.9103917498218834e-08,
                    0.8191537354223684,
                    -0.5735739980239138
                ],
                [
                    -0.9999999867327674,
                    1.3168081203218662e-07,
                    9.524106303615554e-08
                ],
                [
                    1.4593603125945265e-07,
                    0.5735739980239032,
                    0.819153748689585
                ]
            ],
            "translation_vector": [
                0.5079931449890136,
                4.959106444601957e-06,
                1.3106240129470825
            ]
        }
    },
    {
        "extrinsic": {
            "rotation_matrix": [
                [
                    1.43167607991046e-07,
                    0.819153659379896,
                    -0.5735742392010028
                ],
                [
                    -1.0000000627752397,
                    1.761712153935946e-08,
                    -2.534749476978959e-08
                ],
                [
                    2.534749476978959e-08,
                    0.5735742392010028,
                    0.8191535966046564
                ]
            ],
            "translation_vector": [
                0.5079931449890136,
                4.959106444601957e-06,
                1.3106268739700317
            ]
        }
    },
    {
        "extrinsic": {
            "rotation_matrix": [
                [
                    1.1782011499761325e-07,
                    0.8191535726506567,
                    -0.5735742339516072
                ],
                [
                    -0.9999999887197424,
                    2.0374932985234295e-07,
                    4.979546019967529e-08
                ],
                [
                    1.5118544283154733e-07,
                    0.5735742339515895,
                    0.8191535839309032
                ]
            ],
            "translation_vector": [
                0.5079931449890136,
                4.959106444601957e-06,
                1.310629734992981
            ]
        }
    },
    {
        "extrinsic": {
            "rotation_matrix": [
                [
                    1.43167607991046e-07,
                    0.819153659379896,
                    -0.5735742392010028
                ],
                [
                    -1.0000000627752397,
                    1.761712153935946e-08,
                    -2.534749476978959e-08
                ],
                [
                    2.534749476978959e-08,
                    0.5735742392010028,
                    0.8191535966046564
                ]
            ],
            "translation_vector": [
                0.5079931449890136,
                4.959106444601957e-06,
                1.3106333112716675
            ]
        }
    },
    {
        "extrinsic": {
            "rotation_matrix": [
                [
                    7.730375006786971e-09,
                    0.8191534415633042,
                    -0.5735743693888224
                ],
                [
                    -0.9999999590223867,
                    1.5305434031276377e-07,
                    7.514294431132384e-08
                ],
                [
                    1.2583794983811458e-07,
                    0.5735743693888136,
                    0.8191534825409064
                ]
            ],
            "translation_vector": [
                0.5079931449890136,
                4.959106444601957e-06,
                1.3106360530853272
            ]
        }
    },
    {
        "extrinsic": {
            "rotation_matrix": [
                [
                    -6.433807442363104e-08,
                    0.8191534035420442,
                    -0.5735744899773572
                ],
                [
                    -0.9999999970436466,
                    -9.64466408959197e-08,
                    -3.494676015236564e-08
                ],
                [
                    -8.564177633729742e-08,
                    0.5735744899773518,
                    0.8191534064983936
                ]
            ],
            "translation_vector": [
                0.5079931449890136,
                4.959106444601957e-06,
                1.3106384372711182
            ]
        }
    },
    {
        "extrinsic": {
            "rotation_matrix": [
                [
                    1.170447383458395e-08,
                    0.8191532407702695,
                    -0.5735747259049973
                ],
                [
                    -0.9999999990307131,
                    -1.170447383458395e-08,
                    -4.0196177053530846e-08
                ],
                [
                    -4.0196177053530846e-08,
                    0.5735747259049973,
                    0.8191532417395546
                ]
            ],
            "translation_vector": [
                0.5079926681518554,
                4.959106444601957e-06,
                1.3106407022476196
            ]
        }
    },
    {
        "extrinsic": {
            "rotation_matrix": [
                [
                    1.170447383458395e-08,
                    0.8191532407702695,
                    -0.5735747259049973
                ],
                [
                    -0.9999999990307131,
                    -1.170447383458395e-08,
                    -4.0196177053530846e-08
                ],
                [
                    -4.0196177053530846e-08,
                    0.5735747259049973,
                    0.8191532417395546
                ]
            ],
            "translation_vector": [
                0.5079926681518554,
                4.959106444601957e-06,
                1.3106418943405151
            ]
        }
    },
    {
        "extrinsic": {
            "rotation_matrix": [
                [
                    -2.234257578948018e-08,
                    0.8191530716615816,
                    -0.5735749819307117
                ],
                [
                    -1.0000000073546929,
                    -1.3844212531921585e-07,
                    -1.354371690354128e-07
                ],
                [
                    -1.8613223318197925e-07,
                    0.5735749819306974,
                    0.8191530643068603
                ]
            ],
            "translation_vector": [
                0.5079931449890136,
                4.959106444601957e-06,
                1.310642967224121
            ]
        }
    },
    {
        "extrinsic": {
            "rotation_matrix": [
                [
                    5.3700057733863105e-08,
                    0.8191530336402941,
                    -0.5735751025192428
                ],
                [
                    -1.0000000453759803,
                    -2.1448475884255913e-07,
                    -2.560256895378643e-07
                ],
                [
                    -3.067207643425718e-07,
                    0.573575102519218,
                    0.8191529882642268
                ]
            ],
            "translation_vector": [
                0.5079926681518554,
                4.959106444601957e-06,
                1.310642728805542
            ]
        }
    },
    {
        "extrinsic": {
            "rotation_matrix": [
                [
                    -5.166431860104126e-08,
                    0.8191532851284231,
                    -0.5735745852183776
                ],
                [
                    -0.9999999546725595,
                    5.166431860104126e-08,
                    2.0098088526765423e-08
                ],
                [
                    2.0098088526765423e-08,
                    0.5735745852183776,
                    0.8191533304558631
                ]
            ],
            "translation_vector": [
                0.5079926681518554,
                4.959106444601957e-06,
                1.310641417503357
            ]
        }
    },
    {
        "extrinsic": {
            "rotation_matrix": [
                [
                    1.43167607991046e-07,
                    0.8191535599769066,
                    -0.5735742741477843
                ],
                [
                    -1.0000000013934924,
                    1.784018368589102e-07,
                    9.599276040717086e-09
                ],
                [
                    1.1098926577801649e-07,
                    0.5735742741477736,
                    0.8191535585834102
                ]
            ],
            "translation_vector": [
                0.5079931449890136,
                4.959106444601957e-06,
                1.3106402254104614
            ]
        }
    },
    {
        "extrinsic": {
            "rotation_matrix": [
                [
                    1.0117250726082716e-07,
                    0.8191538981940356,
                    -0.573573762096208
                ],
                [
                    -0.9999999847458225,
                    2.2039696601083847e-07,
                    8.999169942569551e-08
                ],
                [
                    1.913815896870119e-07,
                    0.5735737620961832,
                    0.8191539134481913
                ]
            ],
            "translation_vector": [
                0.5079931449890136,
                4.959106444601957e-06,
                1.310639271736145
            ]
        }
    },
    {
        "extrinsic": {
            "rotation_matrix": [
                [
                    -7.625967013424884e-08,
                    0.8191542427478677,
                    -0.5735732299464189
                ],
                [
                    -0.9999999617614921,
                    7.625967013424884e-08,
                    1.2058856313501565e-07
                ],
                [
                    1.2058856313501565e-07,
                    0.5735732299464189,
                    0.8191542809863597
                ]
            ],
            "translation_vector": [
                0.5079936218261718,
                4.959106444601957e-06,
                1.31063796043396
            ]
        }
    },
    {
        "extrinsic": {
            "rotation_matrix": [
                [
                    1.0192560440103193e-07,
                    0.819154862149647,
                    -0.5735723867256404
                ],
                [
                    -0.9999999854987589,
                    2.19643954135762e-07,
                    8.999187173230894e-08
                ],
                [
                    1.9138149198738574e-07,
                    0.5735723867256155,
                    0.8191548766508663
                ]
            ],
            "translation_vector": [
                0.50799409866333,
                4.959106444601957e-06,
                1.3106356954574585
            ]
        }
    },
    {
        "extrinsic": {
            "rotation_matrix": [
                [
                    6.390451012805443e-08,
                    0.8191550312579343,
                    -0.573572130699656
                ],
                [
                    -0.999999977175265,
                    9.688027624576989e-08,
                    -4.5445490925999366e-08
                ],
                [
                    5.249294332543286e-09,
                    0.5735721306996577,
                    0.8191550540826689
                ]
            ],
            "translation_vector": [
                0.50799409866333,
                4.959106444601957e-06,
                1.310634264945984
            ]
        }
    },
    {
        "extrinsic": {
            "rotation_matrix": [
                [
                    -1.3887452432470582e-07,
                    0.8191553377901837,
                    -0.5735717191381333
                ],
                [
